150
14517 89323
73459 30384
95445 16145
44756 86465
52849 63317
1298 47213
55145 19591
38456 19500
33740 36397
31908 53970
60678 50675
88525 62251
27006 74473
11286 85835
82520 68771
29680 69395
95594 92776
8643 81063
82189 56993
30805 91354
77649 51706
23101 3548
30614 37137
32208 56112
75665 72048
91124 44618
27028 92468
97772 77780
29983 48984
59240 16231
93715 31507
51371 9616
9083 6877
69763 16737
14706 49443
65100 24895
84055 85348
98664 57656
73431 73422
97768 79306
51920 72245
58496 10131
89213 38865
36574 76413
5219 95978
40401 93774
75490 27232
67105 71126
59864 64246
1453 34230
15158 82020
41940 69867
82188 26899
65901 58104
4827 47172
44097 87095
18751 14069
31335 97072
77861 90978
24232 12292
40291 64036
18738 32370
36848 9014
171 45903
86302 98892
62943 25977
96952 32051
72713 62395
54860 62224
77655 14524
64396 82995
15739 53087
41206 71798
42608 52978
12788 98640
89978 77400
42758 88549
10881 15625
95053 40692
67116 44905
53587 67545
60933 61237
36844 78885
44435 9266
71209 8613
37851 51196
37527 90905
6076 30151
46300 19802
34327 86654
83757 87854
14578 21286
67545 85511
40721 51239
27539 4310
23575 21917
28265 78639
83409 11324
46724 15363
39939 85095
1697 78237
22328 12310
87768 95034
69075 52663
72513 33458
10099 63833
6417 73266
63900 13447
13106 89475
80728 51216
30062 39448
67280 49919
26403 60280
67511 93362
4504 19792
61669 22862
9672 25994
30021 46115
16113 52124
49592 57218
18802 50850
45759 69566
17749 57296
65897 1969
82924 25413
94071 39071
55757 24806
41103 66832
5810 66071
84128 19279
78708 61914
31067 69160
84908 92486
91140 77027
98626 38957
2151 3386
5088 51745
21300 54164
57725 72461
68493 59525
62154 61008
90759 94786
44867 820
77362 67786
6624 95127
31690 7739
1837 46353
53836 35122
70290 47960
25977 10639