7694050.017618966
7689627.107935175
7646647.710833362
7597424.685660551
7559174.03469722
7550736.379413343
7528886.713210699
7514363.844162665
7460292.802469898
7379337.059953277
7374231.998197791
7364044.472793383
7345810.920914607
7305213.139698277
7287497.064710418
7238704.1687406115
7207615.599236229
7207613.966194767
7198231.371119337
7192143.044128849
7156227.138908524
7109950.681342576
7100755.183205864
7097291.914066717
7071377.743332209
6996807.3712622225
6992733.813844423
6894450.882048872
6861604.301446702
6834540.990376946
6794752.248117733
6728878.916378588
6716183.730625835
6696660.371984639
6679590.854382695
6678909.848362361
6640199.810652907
6601319.939791892
6595182.952290132
6538829.803707686
6536944.095028707
6531905.869787368
6521256.397164196
6508955.468318044
6466006.87049379
6446427.413897032
6440045.784770754
6435922.597677989
6434004.483112746
6392948.868453292
6389360.513281097
6358216.37549607
6345423.318784279
6275608.369857391
6271319.595495162
6262493.569267353
6256933.476796818
6242940.10616875
6226491.00799434
6204624.746143249
6200260.573975541
6166205.9846867835
6159420.4089996
6050943.577778569
5995149.588245471
5961580.490949435
5955799.979075636
5948798.157336215
5931592.3871687045
5916611.466576421
5895950.938366654
5895567.261574715
5895211.784315318
5854147.8438072
5846869.055155866
5834412.07880132
5822575.248910464
5808202.670163557
5798165.285691431
5779404.890436786
5778835.088501844
5758368.295258919
5688063.347090865
5626567.187129051
5601584.6060138
5579006.755445317
5558800.669664362
5557374.999289255
5554884.370602743
5425187.110380285
5410765.411962817
5393657.291345987
5353744.302015148
5283765.9283929495
5272150.060502224
5268810.342113459
5222342.298734457
5221413.712080981
5158863.799194455
5121692.266880034
5086673.445281121
5037714.775276066
5035859.577894484
5017937.353462524
5001752.18853305
4995972.249242916
4990539.449367941
4974773.346346287
4947758.904370154
4898576.216011116
4896309.65159475
4871784.368470624
4833793.203391015
4827668.210854033
4811820.337735371
4803495.787521098
4791351.397360436
4775452.867938763
4772378.077455553
4748329.7253710665
4745882.577726521
4717665.488363521
4715150.735013334
4711963.648367257
4709817.2912021065
4706042.684381789
4693820.361237096
4679835.853873565
4677809.78473542
4676319.5025444385
4673001.780237776
4658848.350475602
4637072.431523455
4611522.050748873
4599331.911471938
4596659.714887533
4581029.702046881
4576201.8460419495
4573498.765600297
4550627.990351207
4543036.861264763
4533345.856980893
4526122.183369116
4525120.311791125
4477672.625462662
4466285.131368677
4444603.59786474
4441971.426150568
4415750.735425184
4378450.233873592
4333494.021202044
4326971.737879731
4317398.022924907
4314380.487431619
4307900.579237259
4304252.370351682
4302100.3209374035
4260917.335606244
4238648.7188318875
4220177.45548693
4217028.017388577
4204467.830599043
4200476.965332759
4196933.901665527
4189135.3101071403
4170513.977530459
4162929.5215900834
4124412.655290536
4124250.8301788038
4083001.5926131485
4078406.2675292483
4065864.9680513367
4062925.107024549
4032039.790648998
4031140.057842897
4030391.70191934
4019758.5069806715
4002584.604831336
3998033.03369125
3960691.385251729
3932537.853989199
3898141.2670815415
3890418.6314416663
3835428.8249235647
3829516.446203954
3799615.15709654
3778962.3748380966
3772781.221063431
3766818.7542296113
3756704.2723645014
3753106.489733561
3740506.121927694
3740222.56029016
3709866.3158980613
3706306.106153067
3700438.2279054075
3686860.304738092
3656791.6444845223
3642708.477882926
3613678.6447126777
3612878.0510197873
3597776.765630151
3592452.5554268165
3588911.4282640223
3581748.97274736
3547841.8888167907
3544280.66300325
3534032.595859859
3531590.2568200347
3530719.723442278
3508300.2590610017
3508003.877035488
3486231.6699315207
3445911.7720991857
3433457.5686923186
3425511.2147330893
3383363.3091986002
3376122.237244723
3362560.3260199204
3360692.4527052576
3349534.225843835
3337588.7926542144
3327329.9515687474
3322336.0711297244
3317688.3707466116
3316136.6151504577
3302761.6215983974
3302752.116530947
3293141.689607226
3283947.4117851495
3283027.364241688
3280747.0706040133
3267071.787800562
3264688.9251970015
3241627.3156319717
3239107.1399445003
3221123.2134398115
3188395.0514175217
3166788.5498561454
3152615.7581434227
3142271.7147238674
3110761.4252203926
3100212.042374359
3099430.9817234995
3099389.163648518
3060256.2975055217
3046230.8219534294
3036095.5378977307
3013771.017033716
3011556.827635518
3011210.7458487996
3005628.8972079246
2983399.5329525606
2979755.2219486986
2963193.2575336206
2959073.228692651
2941598.155647069
2931887.116434532
2910277.7479776577
2908728.6470205556
2894764.1719901874
2890631.8548361966
2849737.732131307
2826700.914323547
2826223.9818299906
2799798.6124627627
2797215.7710114256
2796366.5480043544
2780746.511411019
2743606.601461681
2740452.2853090935
2725127.167996313
2688327.6544257714
2684862.5788832563
2650671.9951087437
2640972.2335513453
2623713.033877441
2619795.7191658863
2614760.676332352
2614208.538688676
2612328.367306583
2573187.3026487245
2567853.6932280203
2547603.3659452247
2547172.647663333
2540028.470838143
2538001.1109754522
2537794.049841676
2532186.8190053743
2531475.754773684
2517685.8051821403
2512421.111330321
2502095.563556115
2488385.6239621215
2485253.9823661502
2469050.4759662794
2468796.9291968187
2466775.8326987885
2436458.29706456
2425912.766069668
2418004.1826269566
2404440.5012372904
2389838.1017919746
2382479.3030128307
2379286.465566388
2372559.049705261
2371980.242399718
2357200.397851219
2350471.1549883303
2347708.1278299433
2343390.690739075
2315427.68359781
2312272.6917493423
2311367.0697919372
2309081.2601043712
2308331.2197226556
2307845.266558518
2307174.077864862
2301493.5473297806
2287825.1418939834
2282185.596686405
2272310.489411227
2262384.0934454766
2262301.7155220625
2253666.8030856396
2234600.298880168
2220802.886845806
2208027.2970363307
2205926.964644618
2197389.4006783664
2195987.6262542517
2179475.420870924
2158950.605125903
2156298.3894733624
2147153.2771689696
2130180.7460773606
2119106.343956248
2103666.911552418
2095481.609191477
2091782.8276616207
2085226.3957589339
2084444.5324683685
2080969.8268628155
2071247.7542469392
2062670.4777194364
2062205.9869942612
2055406.3265628668
2048542.8040719312
2043310.084638517
2031765.037185838
2017971.070124442
2016686.5409814925
2012737.1058853986
2011117.7029599752
2010329.4459276611
2009018.1585196243
2008819.092121789
1994088.1254937702
1972800.4809144991
1965019.2829290305
1962094.095047787
1949513.3899243525
1941267.987299866
1940895.613645316
1939545.3127725788
1926538.6584454197
1925396.5281847334
1925118.1453073479
1924693.2921967306
1922993.5567166596
1918153.571360805
1915887.8240623043
1899856.4865252958
1896969.787885445
1894107.0365245144
1889900.0310348745
1884129.756061086
1870931.0880820095
1862196.0001811148
1849655.210091175
1833119.4929736436
1828778.1328656662
1826806.313948219
1824787.9365383557
1818779.565421189
1816823.9490109014
1814510.81085199
1807288.9659455908
1802015.5100901553
1797842.9150663961
1789511.344504715
1782450.4115861051
1781801.7234835455
1776125.8237394139
1764060.1020521482
1762518.9099609684
1736336.7767591628
1731320.132063784
1722606.468000466
1721149.6175748021
1715784.103509448
1699962.7245227832
1699754.2115186031
1688032.4203932167
1686045.739859778
1680018.3775491584
1679875.192212771
1670579.9724816352
1667524.2841813047
1661842.8165751835
1651855.2339287072
1650234.047708297
1644680.6175682086
1638854.743980287
1611385.302622534
1610910.7308053342
1605185.7841381324
1592771.8170476442
1592521.2437414818
1588191.8702783957
1571611.2090763464
1570813.2022589177
1569329.750108956
1567612.5292732003
1558698.8189350618
1550727.3833101618
1549861.8102983697
1544083.9604694967
1543759.022062584
1533250.1893523498
1529850.2993306993
1528495.0156364543
1525859.1320483312
1518649.9547890543
1518393.0022918072
1509350.5621711046
1509249.4727365533
1498612.5525168742
1495984.5327985494
1493793.4046985593
1489983.562776747
1483719.9552240681
1483135.9476039836
1481547.0475489758
1479705.3100506726
1478349.6933227314
1475171.4152934307
1470144.4233356572
1451041.4423270947
1450737.8818004222
1450737.881800422
1443041.361074545
1435143.8133811308
1434649.417481839
1430013.6704070803
1420173.337586679
1420160.6350543224
1402490.1371016384
1401713.82076565
1398858.8698147906
1392354.1533040116
1389455.3002698678
1389118.4499121178
1373701.6160851123
1367151.445268182
1364041.127271405
1363220.9787678525
1361468.9128447524
1358389.3570543688
1356071.2023341975
1355061.9393493119
1345898.390995924
1342059.7678330748
1340539.6808431495
1339097.3852659976
1333420.382110063
1333416.599785884
1331622.7618088098
1330343.9205209906
1322556.0411905437
1321219.9783679426
1319925.6948570132
1318082.217601052
1314278.405269055
1298309.901111785
1287607.9021577255
1284124.9783569034
1279190.9383905383
1277293.2708508037
1271014.5438868452
1270862.9429948695
1266579.1698325744
1266542.0710691435
1262128.068218504
1246143.7972913187
1235388.8687098585
1230538.1859956959
1209842.9079081125
1209816.1632722958
1206466.1774299275
1199259.0054745579
1197615.4656897418
1197511.037380993
1195825.680985887
1193095.1226577433
1192519.4913506561
1189483.3259121913
1184309.6677492596
1178279.2130792267
1177063.599937371
1170771.5454035234
1166700.246980993
1164479.9686306084
1162636.6818319086
1160834.14623902
1150724.9915988436
1150391.7421883305
1144281.0809161384
1136005.9982538766
1134753.2968705639
1134135.8588349218
1127856.9410592138
1125643.5432674862
1125613.4731530843
1125269.010836319
1124559.589502799
1121496.8753888747
1118503.767497977
1112580.5797325582
1108881.9721568997
1107265.0211696874
1104790.6603111573